{
 "cells": [
  {
   "cell_type": "markdown",
   "metadata": {
    "id": "j8mRQmWr7Z2s"
   },
   "source": [
    "# USL MID EXAM"
   ]
  },
  {
   "cell_type": "markdown",
   "metadata": {
    "id": "GH-vv_Il2OsK"
   },
   "source": [
    "##### DATA SET DESCRIPTION : \n",
    "\n",
    "\n",
    "The Avila data set has been extracted from 800 images of the the \"Avila Bible\", a giant Latin copy of the whole Bible produced during the XII century between Italy and Spain.  \n",
    "The palaeographic analysis of the manuscript has individuated the presence of 12 copyists. The pages written by each copyist are not equally numerous. \n",
    "Each pattern contains 10 features and corresponds to a group of 4 consecutive rows.\n",
    "\n",
    "The prediction task consists in associating each pattern to one of the 12 copyists (labeled as: A, B, C, D, E, F, G, H, I, W, X, Y). The data have has been normalized, by using the Z-normalization method.\n",
    "\n",
    "Drop the labeled(Class) column from the dataset for the clustering purpose. If required used the label column for cluster quality evaluation purpose.\n"
   ]
  },
  {
   "cell_type": "markdown",
   "metadata": {
    "id": "NXHSpx3w2OsK"
   },
   "source": [
    "\n",
    "* F1\t=intercolumnar distance\n",
    "* F2=\tupper margin\n",
    "* F3\t=lower margin\n",
    "* F4\t=exploitation\n",
    "* F5\t=row number\n",
    "* F6\t=modular ratio\n",
    "* F7\t=interlinear spacing\n",
    "* F8\t=weight\n",
    "* F9\t=peak number\n",
    "* F10\t=modular ratio/ interlinear spacing\n",
    "* Class=\tA, B, C, D, E, F, G, H, I, W, X, Y\n"
   ]
  },
  {
   "cell_type": "code",
   "execution_count": null,
   "metadata": {
    "id": "QRDp2ngTqriF"
   },
   "outputs": [],
   "source": [
    "# Kindly change the below cells from markdown to code and execute it "
   ]
  },
  {
   "cell_type": "markdown",
   "metadata": {
    "id": "LalRSDxV4vhC"
   },
   "source": [
    "### 1. Data Understanding (8 marks)\n",
    "\n",
    "#### a. Read the dataset (tab, csv, xls, txt, inbuilt dataset). What are the number of rows and no. of cols\n",
    "& types of variables (continuous, categorical etc.)? (1 MARK)\n",
    "\n"
   ]
  },
  {
   "cell_type": "code",
   "execution_count": 2,
   "metadata": {
    "id": "1rpTQ1i57Z27"
   },
   "outputs": [
    {
     "data": {
      "text/html": [
       "<div>\n",
       "<style scoped>\n",
       "    .dataframe tbody tr th:only-of-type {\n",
       "        vertical-align: middle;\n",
       "    }\n",
       "\n",
       "    .dataframe tbody tr th {\n",
       "        vertical-align: top;\n",
       "    }\n",
       "\n",
       "    .dataframe thead th {\n",
       "        text-align: right;\n",
       "    }\n",
       "</style>\n",
       "<table border=\"1\" class=\"dataframe\">\n",
       "  <thead>\n",
       "    <tr style=\"text-align: right;\">\n",
       "      <th></th>\n",
       "      <th>F1</th>\n",
       "      <th>F2</th>\n",
       "      <th>F3</th>\n",
       "      <th>F4</th>\n",
       "      <th>F5</th>\n",
       "      <th>F6</th>\n",
       "      <th>F7</th>\n",
       "      <th>F8</th>\n",
       "      <th>F9</th>\n",
       "      <th>F10</th>\n",
       "      <th>Target</th>\n",
       "    </tr>\n",
       "  </thead>\n",
       "  <tbody>\n",
       "    <tr>\n",
       "      <td>0</td>\n",
       "      <td>0.266074</td>\n",
       "      <td>-0.165620</td>\n",
       "      <td>0.320980</td>\n",
       "      <td>0.483299</td>\n",
       "      <td>0.172340</td>\n",
       "      <td>0.273364</td>\n",
       "      <td>0.371178</td>\n",
       "      <td>0.929823</td>\n",
       "      <td>0.251173</td>\n",
       "      <td>0.159345</td>\n",
       "      <td>A</td>\n",
       "    </tr>\n",
       "    <tr>\n",
       "      <td>1</td>\n",
       "      <td>0.130292</td>\n",
       "      <td>0.870736</td>\n",
       "      <td>-3.210528</td>\n",
       "      <td>0.062493</td>\n",
       "      <td>0.261718</td>\n",
       "      <td>1.436060</td>\n",
       "      <td>1.465940</td>\n",
       "      <td>0.636203</td>\n",
       "      <td>0.282354</td>\n",
       "      <td>0.515587</td>\n",
       "      <td>A</td>\n",
       "    </tr>\n",
       "    <tr>\n",
       "      <td>2</td>\n",
       "      <td>-0.116585</td>\n",
       "      <td>0.069915</td>\n",
       "      <td>0.068476</td>\n",
       "      <td>-0.783147</td>\n",
       "      <td>0.261718</td>\n",
       "      <td>0.439463</td>\n",
       "      <td>-0.081827</td>\n",
       "      <td>-0.888236</td>\n",
       "      <td>-0.123005</td>\n",
       "      <td>0.582939</td>\n",
       "      <td>A</td>\n",
       "    </tr>\n",
       "    <tr>\n",
       "      <td>3</td>\n",
       "      <td>0.031541</td>\n",
       "      <td>0.297600</td>\n",
       "      <td>-3.210528</td>\n",
       "      <td>-0.583590</td>\n",
       "      <td>-0.721442</td>\n",
       "      <td>-0.307984</td>\n",
       "      <td>0.710932</td>\n",
       "      <td>1.051693</td>\n",
       "      <td>0.594169</td>\n",
       "      <td>-0.533994</td>\n",
       "      <td>A</td>\n",
       "    </tr>\n",
       "    <tr>\n",
       "      <td>4</td>\n",
       "      <td>0.229043</td>\n",
       "      <td>0.807926</td>\n",
       "      <td>-0.052442</td>\n",
       "      <td>0.082634</td>\n",
       "      <td>0.261718</td>\n",
       "      <td>0.148790</td>\n",
       "      <td>0.635431</td>\n",
       "      <td>0.051062</td>\n",
       "      <td>0.032902</td>\n",
       "      <td>-0.086652</td>\n",
       "      <td>F</td>\n",
       "    </tr>\n",
       "  </tbody>\n",
       "</table>\n",
       "</div>"
      ],
      "text/plain": [
       "         F1        F2        F3        F4        F5        F6        F7  \\\n",
       "0  0.266074 -0.165620  0.320980  0.483299  0.172340  0.273364  0.371178   \n",
       "1  0.130292  0.870736 -3.210528  0.062493  0.261718  1.436060  1.465940   \n",
       "2 -0.116585  0.069915  0.068476 -0.783147  0.261718  0.439463 -0.081827   \n",
       "3  0.031541  0.297600 -3.210528 -0.583590 -0.721442 -0.307984  0.710932   \n",
       "4  0.229043  0.807926 -0.052442  0.082634  0.261718  0.148790  0.635431   \n",
       "\n",
       "         F8        F9       F10 Target  \n",
       "0  0.929823  0.251173  0.159345      A  \n",
       "1  0.636203  0.282354  0.515587      A  \n",
       "2 -0.888236 -0.123005  0.582939      A  \n",
       "3  1.051693  0.594169 -0.533994      A  \n",
       "4  0.051062  0.032902 -0.086652      F  "
      ]
     },
     "execution_count": 2,
     "metadata": {},
     "output_type": "execute_result"
    }
   ],
   "source": [
    "#Reading Dataset\n",
    "import pandas as pd\n",
    "df=pd.read_csv('avila.csv')\n",
    "df.head()"
   ]
  },
  {
   "cell_type": "code",
   "execution_count": 4,
   "metadata": {
    "id": "FQ-SHX_E8CNX"
   },
   "outputs": [
    {
     "name": "stdout",
     "output_type": "stream",
     "text": [
      "NUmber of rows:  10430\n",
      "NUmber of columns:  11\n"
     ]
    }
   ],
   "source": [
    "#NO.rows and cols\n",
    "print('NUmber of rows: ', df.shape[0])\n",
    "print('NUmber of columns: ', df.shape[1])"
   ]
  },
  {
   "cell_type": "code",
   "execution_count": 5,
   "metadata": {},
   "outputs": [
    {
     "name": "stdout",
     "output_type": "stream",
     "text": [
      "<class 'pandas.core.frame.DataFrame'>\n",
      "RangeIndex: 10430 entries, 0 to 10429\n",
      "Data columns (total 11 columns):\n",
      "F1        10430 non-null float64\n",
      "F2        10430 non-null float64\n",
      "F3        10430 non-null float64\n",
      "F4        10430 non-null float64\n",
      "F5        10430 non-null float64\n",
      "F6        10430 non-null float64\n",
      "F7        10430 non-null float64\n",
      "F8        10430 non-null float64\n",
      "F9        10430 non-null float64\n",
      "F10       10430 non-null float64\n",
      "Target    10430 non-null object\n",
      "dtypes: float64(10), object(1)\n",
      "memory usage: 896.5+ KB\n"
     ]
    }
   ],
   "source": [
    "#dtypes\n",
    "df.info()"
   ]
  },
  {
   "cell_type": "markdown",
   "metadata": {
    "id": "lpBTYvw28Ezi"
   },
   "source": [
    "#### b Calculate five-point summary for numerical variables (1 MARK) "
   ]
  },
  {
   "cell_type": "code",
   "execution_count": 6,
   "metadata": {
    "id": "TqW5T1K67Z3I"
   },
   "outputs": [
    {
     "data": {
      "text/html": [
       "<div>\n",
       "<style scoped>\n",
       "    .dataframe tbody tr th:only-of-type {\n",
       "        vertical-align: middle;\n",
       "    }\n",
       "\n",
       "    .dataframe tbody tr th {\n",
       "        vertical-align: top;\n",
       "    }\n",
       "\n",
       "    .dataframe thead th {\n",
       "        text-align: right;\n",
       "    }\n",
       "</style>\n",
       "<table border=\"1\" class=\"dataframe\">\n",
       "  <thead>\n",
       "    <tr style=\"text-align: right;\">\n",
       "      <th></th>\n",
       "      <th>F1</th>\n",
       "      <th>F2</th>\n",
       "      <th>F3</th>\n",
       "      <th>F4</th>\n",
       "      <th>F5</th>\n",
       "      <th>F6</th>\n",
       "      <th>F7</th>\n",
       "      <th>F8</th>\n",
       "      <th>F9</th>\n",
       "      <th>F10</th>\n",
       "    </tr>\n",
       "  </thead>\n",
       "  <tbody>\n",
       "    <tr>\n",
       "      <td>count</td>\n",
       "      <td>10430.000000</td>\n",
       "      <td>10430.000000</td>\n",
       "      <td>10430.000000</td>\n",
       "      <td>10430.000000</td>\n",
       "      <td>10430.000000</td>\n",
       "      <td>10430.000000</td>\n",
       "      <td>10430.000000</td>\n",
       "      <td>10430.000000</td>\n",
       "      <td>10430.000000</td>\n",
       "      <td>10430.000000</td>\n",
       "    </tr>\n",
       "    <tr>\n",
       "      <td>mean</td>\n",
       "      <td>0.000852</td>\n",
       "      <td>0.033611</td>\n",
       "      <td>-0.000525</td>\n",
       "      <td>-0.002387</td>\n",
       "      <td>0.006370</td>\n",
       "      <td>0.013973</td>\n",
       "      <td>0.005605</td>\n",
       "      <td>0.010323</td>\n",
       "      <td>0.012914</td>\n",
       "      <td>0.000818</td>\n",
       "    </tr>\n",
       "    <tr>\n",
       "      <td>std</td>\n",
       "      <td>0.991431</td>\n",
       "      <td>3.920868</td>\n",
       "      <td>1.120202</td>\n",
       "      <td>1.008527</td>\n",
       "      <td>0.992053</td>\n",
       "      <td>1.126245</td>\n",
       "      <td>1.313754</td>\n",
       "      <td>1.003507</td>\n",
       "      <td>1.087665</td>\n",
       "      <td>1.007094</td>\n",
       "    </tr>\n",
       "    <tr>\n",
       "      <td>min</td>\n",
       "      <td>-3.498799</td>\n",
       "      <td>-2.426761</td>\n",
       "      <td>-3.210528</td>\n",
       "      <td>-5.440122</td>\n",
       "      <td>-4.922215</td>\n",
       "      <td>-7.450257</td>\n",
       "      <td>-11.935457</td>\n",
       "      <td>-4.247781</td>\n",
       "      <td>-5.486218</td>\n",
       "      <td>-6.719324</td>\n",
       "    </tr>\n",
       "    <tr>\n",
       "      <td>25%</td>\n",
       "      <td>-0.128929</td>\n",
       "      <td>-0.259834</td>\n",
       "      <td>0.064919</td>\n",
       "      <td>-0.528002</td>\n",
       "      <td>0.172340</td>\n",
       "      <td>-0.598658</td>\n",
       "      <td>-0.044076</td>\n",
       "      <td>-0.541992</td>\n",
       "      <td>-0.372457</td>\n",
       "      <td>-0.516097</td>\n",
       "    </tr>\n",
       "    <tr>\n",
       "      <td>50%</td>\n",
       "      <td>0.043885</td>\n",
       "      <td>-0.055704</td>\n",
       "      <td>0.217845</td>\n",
       "      <td>0.095763</td>\n",
       "      <td>0.261718</td>\n",
       "      <td>-0.058835</td>\n",
       "      <td>0.220177</td>\n",
       "      <td>0.111803</td>\n",
       "      <td>0.064084</td>\n",
       "      <td>-0.034513</td>\n",
       "    </tr>\n",
       "    <tr>\n",
       "      <td>75%</td>\n",
       "      <td>0.204355</td>\n",
       "      <td>0.203385</td>\n",
       "      <td>0.352988</td>\n",
       "      <td>0.658210</td>\n",
       "      <td>0.261718</td>\n",
       "      <td>0.564038</td>\n",
       "      <td>0.446679</td>\n",
       "      <td>0.654944</td>\n",
       "      <td>0.500624</td>\n",
       "      <td>0.530855</td>\n",
       "    </tr>\n",
       "    <tr>\n",
       "      <td>max</td>\n",
       "      <td>11.819916</td>\n",
       "      <td>386.000000</td>\n",
       "      <td>50.000000</td>\n",
       "      <td>3.987152</td>\n",
       "      <td>1.066121</td>\n",
       "      <td>53.000000</td>\n",
       "      <td>83.000000</td>\n",
       "      <td>13.173081</td>\n",
       "      <td>44.000000</td>\n",
       "      <td>4.671232</td>\n",
       "    </tr>\n",
       "  </tbody>\n",
       "</table>\n",
       "</div>"
      ],
      "text/plain": [
       "                 F1            F2            F3            F4            F5  \\\n",
       "count  10430.000000  10430.000000  10430.000000  10430.000000  10430.000000   \n",
       "mean       0.000852      0.033611     -0.000525     -0.002387      0.006370   \n",
       "std        0.991431      3.920868      1.120202      1.008527      0.992053   \n",
       "min       -3.498799     -2.426761     -3.210528     -5.440122     -4.922215   \n",
       "25%       -0.128929     -0.259834      0.064919     -0.528002      0.172340   \n",
       "50%        0.043885     -0.055704      0.217845      0.095763      0.261718   \n",
       "75%        0.204355      0.203385      0.352988      0.658210      0.261718   \n",
       "max       11.819916    386.000000     50.000000      3.987152      1.066121   \n",
       "\n",
       "                 F6            F7            F8            F9           F10  \n",
       "count  10430.000000  10430.000000  10430.000000  10430.000000  10430.000000  \n",
       "mean       0.013973      0.005605      0.010323      0.012914      0.000818  \n",
       "std        1.126245      1.313754      1.003507      1.087665      1.007094  \n",
       "min       -7.450257    -11.935457     -4.247781     -5.486218     -6.719324  \n",
       "25%       -0.598658     -0.044076     -0.541992     -0.372457     -0.516097  \n",
       "50%       -0.058835      0.220177      0.111803      0.064084     -0.034513  \n",
       "75%        0.564038      0.446679      0.654944      0.500624      0.530855  \n",
       "max       53.000000     83.000000     13.173081     44.000000      4.671232  "
      ]
     },
     "execution_count": 6,
     "metadata": {},
     "output_type": "execute_result"
    }
   ],
   "source": [
    "df.describe()"
   ]
  },
  {
   "cell_type": "markdown",
   "metadata": {
    "id": "jffujtLi8M_u"
   },
   "source": [
    "#### c. Summarize observations for categorical variables – no. of categories, % observations in each category.  (2 MARKS)"
   ]
  },
  {
   "cell_type": "code",
   "execution_count": 9,
   "metadata": {},
   "outputs": [
    {
     "data": {
      "text/plain": [
       "12"
      ]
     },
     "execution_count": 9,
     "metadata": {},
     "output_type": "execute_result"
    }
   ],
   "source": [
    "df['Target'].nunique()"
   ]
  },
  {
   "cell_type": "code",
   "execution_count": 7,
   "metadata": {
    "id": "vs6E7aU07Z3T"
   },
   "outputs": [
    {
     "data": {
      "text/plain": [
       "A    41.093001\n",
       "F    18.801534\n",
       "E    10.498562\n",
       "I     7.967402\n",
       "X     5.004794\n",
       "H     4.976031\n",
       "G     4.276127\n",
       "D     3.374880\n",
       "Y     2.550336\n",
       "C     0.987536\n",
       "W     0.421860\n",
       "B     0.047939\n",
       "Name: Target, dtype: float64"
      ]
     },
     "execution_count": 7,
     "metadata": {},
     "output_type": "execute_result"
    }
   ],
   "source": [
    "df['Target'].value_counts(normalize=True)*100"
   ]
  },
  {
   "cell_type": "markdown",
   "metadata": {
    "id": "oc9ljItS7Z3Y"
   },
   "source": [
    "#### d. Generate the covariance and correlation tables for the data (2 MARKS)"
   ]
  },
  {
   "cell_type": "code",
   "execution_count": 12,
   "metadata": {
    "id": "FG1TlcH97Z3Z",
    "scrolled": false
   },
   "outputs": [
    {
     "data": {
      "text/html": [
       "<div>\n",
       "<style scoped>\n",
       "    .dataframe tbody tr th:only-of-type {\n",
       "        vertical-align: middle;\n",
       "    }\n",
       "\n",
       "    .dataframe tbody tr th {\n",
       "        vertical-align: top;\n",
       "    }\n",
       "\n",
       "    .dataframe thead th {\n",
       "        text-align: right;\n",
       "    }\n",
       "</style>\n",
       "<table border=\"1\" class=\"dataframe\">\n",
       "  <thead>\n",
       "    <tr style=\"text-align: right;\">\n",
       "      <th></th>\n",
       "      <th>F1</th>\n",
       "      <th>F2</th>\n",
       "      <th>F3</th>\n",
       "      <th>F4</th>\n",
       "      <th>F5</th>\n",
       "      <th>F6</th>\n",
       "      <th>F7</th>\n",
       "      <th>F8</th>\n",
       "      <th>F9</th>\n",
       "      <th>F10</th>\n",
       "    </tr>\n",
       "  </thead>\n",
       "  <tbody>\n",
       "    <tr>\n",
       "      <td>0</td>\n",
       "      <td>0.266074</td>\n",
       "      <td>-0.165620</td>\n",
       "      <td>0.320980</td>\n",
       "      <td>0.483299</td>\n",
       "      <td>0.172340</td>\n",
       "      <td>0.273364</td>\n",
       "      <td>0.371178</td>\n",
       "      <td>0.929823</td>\n",
       "      <td>0.251173</td>\n",
       "      <td>0.159345</td>\n",
       "    </tr>\n",
       "    <tr>\n",
       "      <td>1</td>\n",
       "      <td>0.130292</td>\n",
       "      <td>0.870736</td>\n",
       "      <td>-3.210528</td>\n",
       "      <td>0.062493</td>\n",
       "      <td>0.261718</td>\n",
       "      <td>1.436060</td>\n",
       "      <td>1.465940</td>\n",
       "      <td>0.636203</td>\n",
       "      <td>0.282354</td>\n",
       "      <td>0.515587</td>\n",
       "    </tr>\n",
       "    <tr>\n",
       "      <td>2</td>\n",
       "      <td>-0.116585</td>\n",
       "      <td>0.069915</td>\n",
       "      <td>0.068476</td>\n",
       "      <td>-0.783147</td>\n",
       "      <td>0.261718</td>\n",
       "      <td>0.439463</td>\n",
       "      <td>-0.081827</td>\n",
       "      <td>-0.888236</td>\n",
       "      <td>-0.123005</td>\n",
       "      <td>0.582939</td>\n",
       "    </tr>\n",
       "    <tr>\n",
       "      <td>3</td>\n",
       "      <td>0.031541</td>\n",
       "      <td>0.297600</td>\n",
       "      <td>-3.210528</td>\n",
       "      <td>-0.583590</td>\n",
       "      <td>-0.721442</td>\n",
       "      <td>-0.307984</td>\n",
       "      <td>0.710932</td>\n",
       "      <td>1.051693</td>\n",
       "      <td>0.594169</td>\n",
       "      <td>-0.533994</td>\n",
       "    </tr>\n",
       "    <tr>\n",
       "      <td>4</td>\n",
       "      <td>0.229043</td>\n",
       "      <td>0.807926</td>\n",
       "      <td>-0.052442</td>\n",
       "      <td>0.082634</td>\n",
       "      <td>0.261718</td>\n",
       "      <td>0.148790</td>\n",
       "      <td>0.635431</td>\n",
       "      <td>0.051062</td>\n",
       "      <td>0.032902</td>\n",
       "      <td>-0.086652</td>\n",
       "    </tr>\n",
       "  </tbody>\n",
       "</table>\n",
       "</div>"
      ],
      "text/plain": [
       "         F1        F2        F3        F4        F5        F6        F7  \\\n",
       "0  0.266074 -0.165620  0.320980  0.483299  0.172340  0.273364  0.371178   \n",
       "1  0.130292  0.870736 -3.210528  0.062493  0.261718  1.436060  1.465940   \n",
       "2 -0.116585  0.069915  0.068476 -0.783147  0.261718  0.439463 -0.081827   \n",
       "3  0.031541  0.297600 -3.210528 -0.583590 -0.721442 -0.307984  0.710932   \n",
       "4  0.229043  0.807926 -0.052442  0.082634  0.261718  0.148790  0.635431   \n",
       "\n",
       "         F8        F9       F10  \n",
       "0  0.929823  0.251173  0.159345  \n",
       "1  0.636203  0.282354  0.515587  \n",
       "2 -0.888236 -0.123005  0.582939  \n",
       "3  1.051693  0.594169 -0.533994  \n",
       "4  0.051062  0.032902 -0.086652  "
      ]
     },
     "execution_count": 12,
     "metadata": {},
     "output_type": "execute_result"
    }
   ],
   "source": [
    "df1=df.drop('Target',1)\n",
    "df1.head()"
   ]
  },
  {
   "cell_type": "code",
   "execution_count": 13,
   "metadata": {},
   "outputs": [],
   "source": [
    "import numpy as np"
   ]
  },
  {
   "cell_type": "code",
   "execution_count": 16,
   "metadata": {},
   "outputs": [],
   "source": [
    "\n",
    "cov_mat=np.cov(df1.T)"
   ]
  },
  {
   "cell_type": "code",
   "execution_count": 17,
   "metadata": {},
   "outputs": [
    {
     "data": {
      "text/plain": [
       "array([[ 9.82936083e-01, -1.46072935e-01,  3.82860035e-02,\n",
       "        -6.53302292e-02,  4.44532339e-01, -4.98709486e-02,\n",
       "        -1.52745907e-03, -4.31152501e-02,  6.40827002e-02,\n",
       "        -2.83461326e-03],\n",
       "       [-1.46072935e-01,  1.53732095e+01,  1.82089653e+00,\n",
       "         8.01035435e-03, -2.63562111e-01,  1.87402178e+00,\n",
       "         3.00019525e+00,  1.62211915e-01,  1.48839141e+00,\n",
       "        -9.79663072e-02],\n",
       "       [ 3.82860035e-02,  1.82089653e+00,  1.25485248e+00,\n",
       "         1.62241911e-01,  1.25938552e-02,  1.67446578e-01,\n",
       "         4.25555094e-01,  3.93105758e-02,  2.35387950e-01,\n",
       "        -5.12087311e-02],\n",
       "       [-6.53302292e-02,  8.01035435e-03,  1.62241911e-01,\n",
       "         1.01712585e+00,  9.64749381e-02,  2.92624860e-01,\n",
       "         5.81860867e-02,  3.43059625e-01,  3.08502167e-01,\n",
       "         3.28994543e-01],\n",
       "       [ 4.44532339e-01, -2.63562111e-01,  1.25938552e-02,\n",
       "         9.64749381e-02,  9.84169786e-01,  4.44949697e-02,\n",
       "         3.44688927e-02, -7.09016702e-02,  2.96604895e-01,\n",
       "         1.51451842e-01],\n",
       "       [-4.98709486e-02,  1.87402178e+00,  1.67446578e-01,\n",
       "         2.92624860e-01,  4.44949697e-02,  1.26842803e+00,\n",
       "         6.84868840e-01, -6.73907425e-02,  2.62398837e-01,\n",
       "         8.57472772e-01],\n",
       "       [-1.52745907e-03,  3.00019525e+00,  4.25555094e-01,\n",
       "         5.81860867e-02,  3.44688927e-02,  6.84868840e-01,\n",
       "         1.72595032e+00,  3.22207742e-03,  3.89321775e-01,\n",
       "         3.47988393e-01],\n",
       "       [-4.31152501e-02,  1.62211915e-01,  3.93105758e-02,\n",
       "         3.43059625e-01, -7.09016702e-02, -6.73907425e-02,\n",
       "         3.22207742e-03,  1.00702647e+00,  5.32143189e-01,\n",
       "        -1.62158112e-02],\n",
       "       [ 6.40827002e-02,  1.48839141e+00,  2.35387950e-01,\n",
       "         3.08502167e-01,  2.96604895e-01,  2.62398837e-01,\n",
       "         3.89321775e-01,  5.32143189e-01,  1.18301620e+00,\n",
       "         2.03988996e-01],\n",
       "       [-2.83461326e-03, -9.79663072e-02, -5.12087311e-02,\n",
       "         3.28994543e-01,  1.51451842e-01,  8.57472772e-01,\n",
       "         3.47988393e-01, -1.62158112e-02,  2.03988996e-01,\n",
       "         1.01423822e+00]])"
      ]
     },
     "execution_count": 17,
     "metadata": {},
     "output_type": "execute_result"
    }
   ],
   "source": [
    "cov_mat"
   ]
  },
  {
   "cell_type": "code",
   "execution_count": 18,
   "metadata": {},
   "outputs": [
    {
     "data": {
      "text/html": [
       "<div>\n",
       "<style scoped>\n",
       "    .dataframe tbody tr th:only-of-type {\n",
       "        vertical-align: middle;\n",
       "    }\n",
       "\n",
       "    .dataframe tbody tr th {\n",
       "        vertical-align: top;\n",
       "    }\n",
       "\n",
       "    .dataframe thead th {\n",
       "        text-align: right;\n",
       "    }\n",
       "</style>\n",
       "<table border=\"1\" class=\"dataframe\">\n",
       "  <thead>\n",
       "    <tr style=\"text-align: right;\">\n",
       "      <th></th>\n",
       "      <th>F1</th>\n",
       "      <th>F2</th>\n",
       "      <th>F3</th>\n",
       "      <th>F4</th>\n",
       "      <th>F5</th>\n",
       "      <th>F6</th>\n",
       "      <th>F7</th>\n",
       "      <th>F8</th>\n",
       "      <th>F9</th>\n",
       "      <th>F10</th>\n",
       "    </tr>\n",
       "  </thead>\n",
       "  <tbody>\n",
       "    <tr>\n",
       "      <td>F1</td>\n",
       "      <td>1.000000</td>\n",
       "      <td>-0.037577</td>\n",
       "      <td>0.034473</td>\n",
       "      <td>-0.065338</td>\n",
       "      <td>0.451966</td>\n",
       "      <td>-0.044663</td>\n",
       "      <td>-0.001173</td>\n",
       "      <td>-0.043336</td>\n",
       "      <td>0.059427</td>\n",
       "      <td>-0.002839</td>\n",
       "    </tr>\n",
       "    <tr>\n",
       "      <td>F2</td>\n",
       "      <td>-0.037577</td>\n",
       "      <td>1.000000</td>\n",
       "      <td>0.414578</td>\n",
       "      <td>0.002026</td>\n",
       "      <td>-0.067759</td>\n",
       "      <td>0.424384</td>\n",
       "      <td>0.582443</td>\n",
       "      <td>0.041227</td>\n",
       "      <td>0.349011</td>\n",
       "      <td>-0.024810</td>\n",
       "    </tr>\n",
       "    <tr>\n",
       "      <td>F3</td>\n",
       "      <td>0.034473</td>\n",
       "      <td>0.414578</td>\n",
       "      <td>1.000000</td>\n",
       "      <td>0.143608</td>\n",
       "      <td>0.011333</td>\n",
       "      <td>0.132723</td>\n",
       "      <td>0.289165</td>\n",
       "      <td>0.034970</td>\n",
       "      <td>0.193194</td>\n",
       "      <td>-0.045392</td>\n",
       "    </tr>\n",
       "    <tr>\n",
       "      <td>F4</td>\n",
       "      <td>-0.065338</td>\n",
       "      <td>0.002026</td>\n",
       "      <td>0.143608</td>\n",
       "      <td>1.000000</td>\n",
       "      <td>0.096426</td>\n",
       "      <td>0.257627</td>\n",
       "      <td>0.043915</td>\n",
       "      <td>0.338970</td>\n",
       "      <td>0.281239</td>\n",
       "      <td>0.323915</td>\n",
       "    </tr>\n",
       "    <tr>\n",
       "      <td>F5</td>\n",
       "      <td>0.451966</td>\n",
       "      <td>-0.067759</td>\n",
       "      <td>0.011333</td>\n",
       "      <td>0.096426</td>\n",
       "      <td>1.000000</td>\n",
       "      <td>0.039824</td>\n",
       "      <td>0.026447</td>\n",
       "      <td>-0.071220</td>\n",
       "      <td>0.274883</td>\n",
       "      <td>0.151590</td>\n",
       "    </tr>\n",
       "    <tr>\n",
       "      <td>F6</td>\n",
       "      <td>-0.044663</td>\n",
       "      <td>0.424384</td>\n",
       "      <td>0.132723</td>\n",
       "      <td>0.257627</td>\n",
       "      <td>0.039824</td>\n",
       "      <td>1.000000</td>\n",
       "      <td>0.462871</td>\n",
       "      <td>-0.059628</td>\n",
       "      <td>0.214207</td>\n",
       "      <td>0.755992</td>\n",
       "    </tr>\n",
       "    <tr>\n",
       "      <td>F7</td>\n",
       "      <td>-0.001173</td>\n",
       "      <td>0.582443</td>\n",
       "      <td>0.289165</td>\n",
       "      <td>0.043915</td>\n",
       "      <td>0.026447</td>\n",
       "      <td>0.462871</td>\n",
       "      <td>1.000000</td>\n",
       "      <td>0.002444</td>\n",
       "      <td>0.272458</td>\n",
       "      <td>0.263015</td>\n",
       "    </tr>\n",
       "    <tr>\n",
       "      <td>F8</td>\n",
       "      <td>-0.043336</td>\n",
       "      <td>0.041227</td>\n",
       "      <td>0.034970</td>\n",
       "      <td>0.338970</td>\n",
       "      <td>-0.071220</td>\n",
       "      <td>-0.059628</td>\n",
       "      <td>0.002444</td>\n",
       "      <td>1.000000</td>\n",
       "      <td>0.487543</td>\n",
       "      <td>-0.016045</td>\n",
       "    </tr>\n",
       "    <tr>\n",
       "      <td>F9</td>\n",
       "      <td>0.059427</td>\n",
       "      <td>0.349011</td>\n",
       "      <td>0.193194</td>\n",
       "      <td>0.281239</td>\n",
       "      <td>0.274883</td>\n",
       "      <td>0.214207</td>\n",
       "      <td>0.272458</td>\n",
       "      <td>0.487543</td>\n",
       "      <td>1.000000</td>\n",
       "      <td>0.186226</td>\n",
       "    </tr>\n",
       "    <tr>\n",
       "      <td>F10</td>\n",
       "      <td>-0.002839</td>\n",
       "      <td>-0.024810</td>\n",
       "      <td>-0.045392</td>\n",
       "      <td>0.323915</td>\n",
       "      <td>0.151590</td>\n",
       "      <td>0.755992</td>\n",
       "      <td>0.263015</td>\n",
       "      <td>-0.016045</td>\n",
       "      <td>0.186226</td>\n",
       "      <td>1.000000</td>\n",
       "    </tr>\n",
       "  </tbody>\n",
       "</table>\n",
       "</div>"
      ],
      "text/plain": [
       "           F1        F2        F3        F4        F5        F6        F7  \\\n",
       "F1   1.000000 -0.037577  0.034473 -0.065338  0.451966 -0.044663 -0.001173   \n",
       "F2  -0.037577  1.000000  0.414578  0.002026 -0.067759  0.424384  0.582443   \n",
       "F3   0.034473  0.414578  1.000000  0.143608  0.011333  0.132723  0.289165   \n",
       "F4  -0.065338  0.002026  0.143608  1.000000  0.096426  0.257627  0.043915   \n",
       "F5   0.451966 -0.067759  0.011333  0.096426  1.000000  0.039824  0.026447   \n",
       "F6  -0.044663  0.424384  0.132723  0.257627  0.039824  1.000000  0.462871   \n",
       "F7  -0.001173  0.582443  0.289165  0.043915  0.026447  0.462871  1.000000   \n",
       "F8  -0.043336  0.041227  0.034970  0.338970 -0.071220 -0.059628  0.002444   \n",
       "F9   0.059427  0.349011  0.193194  0.281239  0.274883  0.214207  0.272458   \n",
       "F10 -0.002839 -0.024810 -0.045392  0.323915  0.151590  0.755992  0.263015   \n",
       "\n",
       "           F8        F9       F10  \n",
       "F1  -0.043336  0.059427 -0.002839  \n",
       "F2   0.041227  0.349011 -0.024810  \n",
       "F3   0.034970  0.193194 -0.045392  \n",
       "F4   0.338970  0.281239  0.323915  \n",
       "F5  -0.071220  0.274883  0.151590  \n",
       "F6  -0.059628  0.214207  0.755992  \n",
       "F7   0.002444  0.272458  0.263015  \n",
       "F8   1.000000  0.487543 -0.016045  \n",
       "F9   0.487543  1.000000  0.186226  \n",
       "F10 -0.016045  0.186226  1.000000  "
      ]
     },
     "execution_count": 18,
     "metadata": {},
     "output_type": "execute_result"
    }
   ],
   "source": [
    "df1_corr=df1.corr()\n",
    "df1_corr"
   ]
  },
  {
   "cell_type": "markdown",
   "metadata": {
    "id": "S1Dr9k137Z3d"
   },
   "source": [
    "##### e. Create Visualization plots to find the relationship amongst the variables. (2 MARKS) "
   ]
  },
  {
   "cell_type": "code",
   "execution_count": 21,
   "metadata": {
    "id": "9xOABzrJ7Z3e"
   },
   "outputs": [],
   "source": [
    "import seaborn as sns\n",
    "import matplotlib.pyplot as plt"
   ]
  },
  {
   "cell_type": "code",
   "execution_count": 24,
   "metadata": {},
   "outputs": [
    {
     "data": {
